300
    0.537667139546100015
     1.83388501459508646
    -2.25884686100364807
    0.862173320368120555
    0.318765239858980809
    -1.30768829630527339
   -0.433592022305683555
    0.342624466538649919
     3.57839693972576045
     2.76943702988487717
    -1.34988694015652122
      3.0349234663318545
    0.725404224946105569
  -0.0630548731896561909
    0.714742903826095843
   -0.204966058299774628
   -0.124144348216311914
     1.48969760778546489
     1.40903448980047918
     1.41719241342961388
    0.671497133608080499
    -1.20748692268503777
    0.717238651328838461
     1.63023528916472915
    0.488893770311789377
     1.03469300991786017
    0.726885133383237902
    -0.30344092478601592
    0.293871467096658068
   -0.787282803758637573
    0.888395631757641802
    -1.14707010696915046
    -1.06887045816803172
   -0.809498694424875542
    -2.94428416199489629
     1.43838029281509838
    0.325190539456197858
   -0.754928319169703377
     1.37029854009522789
    -1.71151641885369799
   -0.102242446085490893
   -0.241447041607357943
    0.319206739165501796
    0.312858596637428432
    -0.86487991732445646
  -0.0300512961962685586
   -0.164879019209038302
     0.62770728752872651
     1.09326566903948397
     1.10927329761439752
   -0.863652821988714403
   0.0773590911304249257
    -1.21411704361540917
    -1.11350074148676437
 -0.00684932810334806449
     1.53263030828474989
   -0.769665913753681874
    0.371378812760057742
   -0.225584402271251927
      1.1173561388144666
    -1.08906429505223579
   0.0325574641649734667
    0.552527021112223737
     1.10061021788086633
     1.54421189550395099
   0.0859311331754254587
    -1.49159031063760938
   -0.742301837259856656
     -1.0615817333199864
     2.35045722400204227
   -0.615601881466894318
    0.748076783703985115
   -0.192418510588263564
    0.888610425420720773
    -0.76484923656787418
    -1.40226896933875866
    -1.42237592509149646
    0.488193909859940656
   -0.177375156618825219
    -0.19605348780733281
      1.4193101506425494
    0.291584373984182521
    0.197811053464360731
     1.58769908997405929
   -0.804465956349547096
    0.696624415849607326
    0.835088165072681909
   -0.243715140377952194
     0.21567008640374441
    -1.16584393148204879
    -1.14795277889859415
     0.10487471601649398
    0.722254032225001619
     2.58549125261624146
   -0.666890670701385524
    0.187331024578939798
  -0.0824944253709554015
    -1.93302291785098657
    -0.43896615393477334
    -1.79467884145512335
     36.6807510595078128
      33.223935835341976
     35.2001856662786423
     33.9109421400189035
       35.60704158929871
     33.7993468757325317
     35.9799306423478953
     36.4787262472089466
     38.4237755659631119
     34.6117529284834688
     30.7232894611201246
     33.3208225053267739
     37.7091886560092888
      32.855689423231496
      36.921907739481135
      35.248099600006384
     37.8733932454378746
     31.0782000012699342
     34.6046035480516991
     32.5843090294804014
     40.8160160614587255
     36.6504377884569834
     37.7579439558332268
     32.8836394840252737
     34.0627688377987496
      34.455061181499623
     37.1968492357772433
     34.4442561344247196
     36.4030829163265679
     30.8963674001777022
     34.2923000044511355
     33.3528269496862961
     31.8458859544015951
     36.0159493018118937
     35.5639681273411128
     35.0669597644888995
     32.3326441131437861
     37.2549845566831834
     35.7003588212066205
     34.4018679393340321
     35.0457795855032614
     34.4760091300678155
     31.4995752631064221
     34.4286980568093384
      33.337266976864754
     33.0415873896653949
      32.687196688671996
     33.9328857813680287
     30.9947285282338783
     36.9284588452632576
     36.0401202029109129
      34.959944296714923
     34.9304578279430373
      33.403672830871713
     37.0373705642571522
       34.73356504098453
     33.5709396724256806
     37.7027715368533123
     34.5504578878948294
     33.8219419385583961
     34.4124928045291654
     33.3041475127241355
      32.759743397512544
     40.0519993842366162
     38.3109951857746935
      35.615070318476505
     32.4857632812958954
     33.2690639388903904
     34.6469317715370977
     36.5828321232572691
     32.3359911573695058
     30.3402656883898487
       32.10180541432252
     35.6670216661316104
     35.7827072088658014
      35.903358837856473
      34.739430693708556
      35.367378191723887
     34.0476939667618552
     36.7240432231138456
     32.2766110582584886
     35.9100591128886677
     33.3025812401326817
      34.330226122071906
     36.1055666918891021
     37.0781813070099133
     32.7647226334695816
      37.521317418241793
     36.3202862820939529
     34.8642688929146232
     34.6095576042024931
     34.5647872997136147
     34.3937847572965154
     35.0460912488502103
     35.1025807116975486
     36.6521255804231885
     38.0539533734667472
     35.9338288713693998
     34.5805733232225236
     36.2503807141752503
     55.1832272630014344
     53.9702324564333793
     55.9492218311310197
     55.3070619191467046
     55.1351749420994537
       55.51524633552485
     55.2614063240553861
     54.0585142290445688
     54.8376623271961705
     54.8539453656684728
     54.4679886231911823
     56.6821035946631753
     54.1242706538399858
     54.5161849498898761
     54.2879954509725806
     53.8257876685431853
     54.8077604824607221
     54.7259297700673955
     56.5300725144240985
     54.7509752574862887
     53.9357865871106696
     56.6034572981200412
     56.2346791468907767
     54.7703735490368189
     53.4938402960202808
     54.5553721835530112
     54.8440589642752343
      55.276068253931534
     54.7388363542235226
     55.4434219129040926
     55.3918942094324507
     53.7493210931735916
     54.0520390776685673
     54.2588939060595905
     54.4921824497218239
     54.6794244933997575
     55.0124690413616193
      51.970822658595857
     54.5429853591284157
     56.2424484063907357
     53.9332986010152524
     55.9337281626712368
     55.3503210013561144
     54.9709942362912756
     55.1824521675059856
      53.434943985849273
      54.915460520182279
     56.6039463506028824
     55.0983477746401107
     55.0413736134896112
     54.2658308873032595
     54.9691862699876808
       55.23234701262448
      55.426387557408944
     54.6271912582764969
     54.7635454162428132
     57.0236908866030561
     52.7416460295038121
     57.2294456804568981
     55.3375637006131029
     56.0000608195891232
     53.3358355250129392
     54.4099654357947813
     54.7219358362346924
     55.4227156912204748
     53.3297993021495316
     55.4716343264163001
     53.7871528003255435
      55.066190048424609
     55.6523558886613756
     55.3270599671770853
     56.0826335042367532
     56.0060771108190494
     54.3490922634022482
      55.257056157433972
     54.0556221935957808
     53.6782114786074374
     55.9248259334937075
     55.0000498490752534
     54.9450810853905907
     55.9111272656538603
     55.5945836974090497
     55.3502011738745381
     56.2502512283049967
      55.929789458557714
      55.239763257058577
     54.3096388968887709
      54.348446358249717
     56.1921018705312676
     53.3881696113221906
      54.975538063364084
     53.0511528231010985
     56.0204980144526559
     55.8617163023934182
     55.0011620834835142
     54.9291627868395196
     52.5137160792967208
     55.5811723226759256
     52.8075650800340952
     52.6807196933566999
