0.0529933112925620
-0.1778900868341816
1.7724825619554114
-2.5088036130808864
-0.4565891853592341
2.4303775369373781
-0.4714540858987137
-0.5603284911483231
-1.2264673737636387
0.7929503635982146
-2.1099404318442696
-0.7993951260059525
0.5669750928992321
-0.0014428988625603
0.6239246662547473
0.1264408310346754
0.6808677941875395
-1.2874159138607359
0.2180848525247276
-1.5665670736958019
0.7832819308368743
-0.3105699087215700
0.6553244115728570
-0.5374673596707467
0.3286434032532096
1.0540719714289732
-1.9796993191541821
-1.8673881845871889
-1.8323556710253499
0.8485921151401355
0.4051872600616823
-0.7024560365600069
1.4990460212846446
0.1377948657303644
-1.5868213999034526
-1.0191455148376414
-1.3852337410259272
0.9548864303071471
-0.6011203193709596
-1.1718908041452765
-0.5771103070967369
-0.8364305244530653
0.8529695300871730
0.4773311786765789
0.3023200749468958
0.4157761906178973
0.0429748293046916
-0.9488532300571758
0.5416083662554579
-0.8211282587188908
-1.0719050484490920
-1.0740916363782602
0.8695528073132670
0.9810514145252616
-1.7588253691390112
-0.1480959575670388
0.2519417461753911
-0.6103846258928349
0.7609798102183828
0.2544295022503900
-0.1528336769373822
-0.5574108752091806
0.6770176568474456
0.8492974404220573
0.4693071825899511
-0.2397817044892585
0.9209854538099010
-0.9068813784070876
0.1444406062754697
1.3964090281817982
-0.1896987596048861
-0.8438358908260015
1.9434380498473138
-0.2469215405748808
0.4416191558659074
-0.8036114842203618
0.2876094327044763
0.4670180937538984
0.0045616095619171
0.3260903586032651
1.2045867165334918
-1.4041158320708578
0.2055635554543307
-1.9911957894220709
0.0284089339182698
1.9305154087523320
0.9411367883266549
-0.0069244513018721
-0.3382416472723113
0.5282657836813659
1.0568995943401631
0.0147406166024418
1.6147612669122882
-0.8158549618561773
-1.9977591243665247
-0.7481914083147494
-0.1993040206384720
-0.3727600779704416
-0.8473711601647919
1.3372380431281679
31.7673654841042925
34.0163648101368636
33.0613968659851380
34.0517841589461909
33.6676723496118200
35.9567493662300066
32.9178837339756996
33.3586818186848575
35.2022592120262203
37.1679650737291638
31.2909455252340543
38.5995055715761879
33.2432513888429355
36.2954654528664236
37.0991300645049833
37.6461867536914170
33.9652820687240506
35.0486298994221102
34.6752662528929179
33.7886778278652358
35.5434195280180347
35.7172868243581192
34.2953697544386245
35.2647198563994380
40.3471635543988256
34.9848678491109197
36.4206058733227849
34.0749212743742049
33.9442441987997796
34.3084258661910013
36.1291155474687287
33.3969217119958515
31.2941064296635503
35.1064320349063763
34.1271695658902203
35.5600149445323268
35.1692117743618979
36.4582381191362828
36.8015061912916579
32.3487234109362873
31.9508423430299793
36.0048666661257215
35.6127828512990021
33.1216790693626777
37.4748042528602952
35.0660238291100654
35.2471366364424625
35.5478787591015291
36.5083316165648171
38.0489950114675892
34.4760484754885894
31.5386329844541073
37.0269285999801596
33.1445278031074011
37.4873605724471588
33.8210226048282223
37.9829634695730789
33.3880438105714674
32.7748018944935922
36.9138791361987515
32.2738968221254225
36.3611699254482943
35.8756472451314607
34.7134649066559149
34.3169349907988845
39.1156212681283719
34.2509299291484126
34.6195936050943160
33.1225351787766087
33.3730752712336596
33.8327624969428058
38.4190507410477338
34.2191603644579274
33.6198692734404077
34.1035585961418164
36.4287527001992260
32.3685375034337852
36.2542441905263004
32.3374103134786353
34.7383036964806706
31.3462076585640688
36.0718449302203084
36.3857294308732762
33.6249004898385166
35.6351515128808458
35.3256846802485427
37.3182318116612777
35.2567761173272061
37.0789162666034500
34.7664577173909422
33.7034061797915001
34.9240375902247209
34.6013503624557686
36.7633397440313843
34.8877118581861367
33.3175222612252000
34.6903123238279179
37.3771893409285454
34.1701854415283037
33.6827664749772069
55.9839906680986559
55.1012274945585645
54.6372941758798589
54.2611721681748804
53.5201575897700579
55.1533717494723987
54.6829825281390214
55.3189182524030514
53.5434534120531325
56.3218345018847870
55.4872039375510937
53.4333737508534270
56.0570596289495242
54.4124222034207037
55.3022216179323891
55.2194623884209790
54.1217988984876612
52.1386002407291542
55.5355552965852510
54.6579626900979818
54.4021411452639612
55.4189127084103035
54.3103192792262917
55.6711910412909390
55.1508974605190190
54.0086811151648689
55.8368299477483347
55.4745089702352701
56.2521658547699204
54.1073773443393407
54.1047257706316316
55.3133259275261082
55.6670331612688756
55.8281165523035341
55.0065092782273197
54.7641078028632791
55.6528210949528415
56.9645325115611385
55.8845841734757656
55.0845369570761534
54.4254859387415095
55.4997506307434065
54.5158955173881523
55.2384456356485316
55.7782481914749368
55.9242729318958993
55.5881379142935685
56.3779342772046022
56.8512049327969748
53.1023352325553191
53.2213158208921868
54.0773587633932635
53.0020729163724411
54.6428999422773103
54.6635992401111750
55.2504260047872506
55.2861619011701819
54.3138314318875643
54.1866855122555080
55.7934025588518736
54.6180547460486636
53.6287958298370171
55.0103074544255435
55.2041320457479827
54.5889744936754582
55.6635611793443132
55.2257821394344361
54.7871568868684236
54.9559654289876676
55.4581818228567229
54.5585826211915688
53.9450532777226570
54.8444157404941706
55.1291478632519940
55.5094283275975400
54.9698764705056817
54.5426350503199586
55.5963356257664643
54.8864715543113633
55.8070244154411128
54.9101972604186201
54.9937078747879511
54.9081393285581143
54.0787617178168816
54.0730484667676023
54.0387793272478589
56.7848298388668340
54.7998110137837173
55.9404116542862582
55.3491563371554065
56.8592803006864571
55.9270719731616950
53.7730361561842898
54.6727608595057717
55.8916464007080052
55.2881855781305234
57.2651954335723303
54.9521096695362345
53.4481359314677533
55.4440833120316228
